image_width: 1920
image_height: 1080
camera_name: narrow_stereo
camera_matrix:
  rows: 3
  cols: 3
  data: [1214.63439,    0.     ,  976.48184,
            0.     , 1216.96446,  504.86443,
            0.     ,    0.     ,    1.     ]
distortion_model: plumb_bob
distortion_coefficients:
  rows: 1
  cols: 5
  data: [-0.295524, 0.091176, 0.000156, 0.001104, 0.000000]
rectification_matrix:
  rows: 3
  cols: 3
  data: [1., 0., 0.,
         0., 1., 0.,
         0., 0., 1.]
projection_matrix:
  rows: 3
  cols: 4
  data: [ 969.08058,    0.     ,  988.75331,    0.     ,
            0.     , 1141.05974,  500.25291,    0.     ,
            0.     ,    0.     ,    1.     ,    0.     ]
