image_width: 1920
image_height: 1080
camera_name: head_camera
camera_matrix:
  rows: 3
  cols: 3
  data: [1204.3114528271865, 0.0, 961.2517628183996, 0.0, 1211.6327692852342, 506.64555194666065, 0.0, 0.0, 1.0]
distortion_model: plumb_bob
distortion_coefficients:
  rows: 1
  cols: 5
  data: [-0.2917702192983148, 0.08947582805870403, -0.0009249432279098307, 1.144379397144018e-05, 0.0]
rectification_matrix:
  rows: 3
  cols: 3
  data: [1, 0, 0, 0, 1, 0, 0, 0, 1]
projection_matrix:
  rows: 3
  cols: 4
  data: [960.511962890625, 0.0, 961.3021408386121, 0.0, 0.0, 1135.0732421875, 500.7583420048468, 0.0, 0.0, 0.0, 1.0, 0.0]